-7.811447747148411e-8
4.4905067238495595e-7
4.469144496585513e-7
6.22488889528352e-7
8.748285140250116e-7
0.000001198932534147977
0.0000016051435245777582
0.000002107374703701246
0.0000027214926409768036
0.0000034651235511861377
0.0000043577176341581165
0.000005420583366366755
0.000006676958482168104
0.000008152060179466144
0.000009873131726615511
0.000011869470976779613
0.000014172404009870156
0.00001681525019910445
0.00001983327783054687
0.00002326367591267492
0.000027145495312210462
0.00003151949267678822
0.00003642794665150928
0.000041914451814454494
0.000048023788287250624
0.00005480173584373147
0.00006229466630738445
0.00007054934784581399
0.00007961211367272199
0.00008952970900738377
0.00010034726520470148
0.00011210900868989729
0.00012485739786660707
0.00013863250161935166
0.00015347160784001408
0.00016940858616353743
0.00018647330239167798
0.0002046909528058437
0.00022408143627820253
0.00024465867258787653
0.0002664299440103392
0.0002893952195695426
0.0003135464512159182
0.00033886689233481314
0.0003653304251571275
0.00039290092454335155
0.0004215316203850149
0.0004511644711861495
0.0004817296068432653
0.0005131448134295253
0.0005453150955620047
0.000578132241624922
0.0006114744574263494
0.0006452061532376972
0.0006791776941108237
0.0007132254622016531
0.0007471715461729782
0.0007808242581399001
0.0008139780495480209
0.0008464139442320737
0.0008779000648724619
0.0009081921228827138
0.0009370342200396659
0.000964159645636747
0.0009892919087422028
0.0010121458447197769
0.0010324289199951453
0.0010498426337916525
0.0010640840569032205
0.0010748475326637537
0.0010818264966579215
0.0010847154340592217
0.0010832119338162135
0.001077018868499183
0.0010658466943652954
0.0010494158273292467
0.0010274591162322433
0.00099972436380793
0.0009659769375715868
0.0009260024202943477
0.0008796092381031568
0.0008266313854163041
0.0007669310165225439
0.0007004012245477375
0.0006269684549917477
0.0005465951856095716
0.00045928232384566544
0.00036507150190515856
0.0002640474077228752
0.00015633971511376605
0.00004212508326372566
-0.00007837119400893564
-0.00020487364987076896
-0.00033705541433143944
-0.0004745371874892806
-0.0006168864759598664
-0.0007636171404292093
-0.0009141892233094518
-0.0010680091059904627
-0.0012244299739169314
-0.0013827526324317583
-0.0015422266806594171
-0.0017020520187919128
-0.0018613807303058478
-0.002019319312632509
-0.0021749312978236483
-0.0023272402310797174
-0.00247523296480031
-0.002617863372194172
-0.0027540563250737474
-0.002882712122366586
-0.0030027110552425617
-0.003112918474143551
-0.003212189978256022
-0.0032993768566734936
-0.0033733320241967394
-0.003432915695409922
-0.0034770017057317425
-0.0035044836649159774
-0.0035142813910329514
-0.003505347322016268
-0.0034766730294940274
-0.003427295735931732
-0.0033563047543501597
-0.0032628478806099193
-0.003146137662911344
-0.003005457539947426
-0.0028401677659272797
-0.002649711085085013
-0.002433618156353848
-0.0021915126583235854
-0.001923116054625328
-0.001628251940880571
-0.0013068499623365517
-0.0009589493118505016
-0.0005847016906399104
-0.0001843738081660798
0.0002416507383812556
0.0006928700477165884
0.0011686632645982156
0.0016682903374734461
0.0021908923186223363
0.002735492990316893
0.0033009998633054603
0.0038862071298936506
0.004489798419842186
0.0051103505310651325
0.00574633762250308
0.006396136133907887
0.007058030301801921
0.007730218169797332
0.00841081816616083
0.009097876205679277
0.009789373328022198
0.010483233774679749
0.011177333445814619
0.011869508737366868
0.012557565703400995
0.013239289522898701
0.013912454176175032
0.014574832285066577
0.015224205104799703
0.015858372558160798
0.016475163353005813
0.01707244503324708
0.017648133979500394
0.018200204892299923
0.018726700509626514
0.01922574244288623
0.01969553553582887
0.020134383045619673
0.020540689941891118
0.020912972418297624
0.021249864863620647
0.021550126868218458
0.0218126492086429
0.022036459116626
0.02222072505344342
0.02236476090217607
0.022468029505045523
0.02253014535849489
0.022550876458125892
0.02253014535849489
0.022468029505045523
0.02236476090217607
0.02222072505344342
0.022036459116626
0.0218126492086429
0.021550126868218458
0.021249864863620647
0.020912972418297624
0.020540689941891118
0.020134383045619673
0.01969553553582887
0.01922574244288623
0.018726700509626514
0.018200204892299923
0.017648133979500394
0.01707244503324708
0.016475163353005813
0.015858372558160798
0.015224205104799703
0.014574832285066577
0.013912454176175032
0.013239289522898701
0.012557565703400995
0.011869508737366868
0.011177333445814619
0.010483233774679749
0.009789373328022198
0.009097876205679277
0.00841081816616083
0.007730218169797332
0.007058030301801921
0.006396136133907887
0.00574633762250308
0.0051103505310651325
0.004489798419842186
0.0038862071298936506
0.0033009998633054603
0.002735492990316893
0.0021908923186223363
0.0016682903374734461
0.0011686632645982156
0.0006928700477165884
0.0002416507383812556
-0.0001843738081660798
-0.0005847016906399104
-0.0009589493118505016
-0.0013068499623365517
-0.001628251940880571
-0.001923116054625328
-0.0021915126583235854
-0.002433618156353848
-0.002649711085085013
-0.0028401677659272797
-0.003005457539947426
-0.003146137662911344
-0.0032628478806099193
-0.0033563047543501597
-0.003427295735931732
-0.0034766730294940274
-0.003505347322016268
-0.0035142813910329514
-0.0035044836649159774
-0.0034770017057317425
-0.003432915695409922
-0.0033733320241967394
-0.0032993768566734936
-0.003212189978256022
-0.003112918474143551
-0.0030027110552425617
-0.002882712122366586
-0.0027540563250737474
-0.002617863372194172
-0.00247523296480031
-0.0023272402310797174
-0.0021749312978236483
-0.002019319312632509
-0.0018613807303058478
-0.0017020520187919128
-0.0015422266806594171
-0.0013827526324317583
-0.0012244299739169314
-0.0010680091059904627
-0.0009141892233094518
-0.0007636171404292093
-0.0006168864759598664
-0.0004745371874892806
-0.00033705541433143944
-0.00020487364987076896
-0.00007837119400893564
0.00004212508326372566
0.00015633971511376605
0.0002640474077228752
0.00036507150190515856
0.00045928232384566544
0.0005465951856095716
0.0006269684549917477
0.0007004012245477375
0.0007669310165225439
0.0008266313854163041
0.0008796092381031568
0.0009260024202943477
0.0009659769375715868
0.00099972436380793
0.0010274591162322433
0.0010494158273292467
0.0010658466943652954
0.001077018868499183
0.0010832119338162135
0.0010847154340592217
0.0010818264966579215
0.0010748475326637537
0.0010640840569032205
0.0010498426337916525
0.0010324289199951453
0.0010121458447197769
0.0009892919087422028
0.000964159645636747
0.0009370342200396659
0.0009081921228827138
0.0008779000648724619
0.0008464139442320737
0.0008139780495480209
0.0007808242581399001
0.0007471715461729782
0.0007132254622016531
0.0006791776941108237
0.0006452061532376972
0.0006114744574263494
0.000578132241624922
0.0005453150955620047
0.0005131448134295253
0.0004817296068432653
0.0004511644711861495
0.0004215316203850149
0.00039290092454335155
0.0003653304251571275
0.00033886689233481314
0.0003135464512159182
0.0002893952195695426
0.0002664299440103392
0.00024465867258787653
0.00022408143627820253
0.0002046909528058437
0.00018647330239167798
0.00016940858616353743
0.00015347160784001408
0.00013863250161935166
0.00012485739786660707
0.00011210900868989729
0.00010034726520470148
0.00008952970900738377
0.00007961211367272199
0.00007054934784581399
0.00006229466630738445
0.00005480173584373147
0.000048023788287250624
0.000041914451814454494
0.00003642794665150928
0.00003151949267678822
0.000027145495312210462
0.00002326367591267492
0.00001983327783054687
0.00001681525019910445
0.000014172404009870156
0.000011869470976779613
0.000009873131726615511
0.000008152060179466144
0.000006676958482168104
0.000005420583366366755
0.0000043577176341581165
0.0000034651235511861377
0.0000027214926409768036
0.000002107374703701246
0.0000016051435245777582
0.000001198932534147977
8.748285140250116e-7
6.22488889528352e-7
4.469144496585513e-7
4.4905067238495595e-7
-7.811447747148411e-8
